Ra = [75 100 200 400 800 1600];
N =  [8  8   8   9   ];

domWidth = 1.6;

L = domWidth./N;